chi_square: 187.36274734823738
entropy: 2.6958603350383794
gini_index: 0.6393077400000002
p_value: 8.410944890116886e-16
