chi_square: 1765.5277891784094
entropy: 9.651050991159455
gini_index: 0.99767282
p_value: 0.035495021684625004
