chi_square: 28.50777042863062
entropy: 2.4458440848651963
gini_index: 0.7377828
p_value: 0.004659276626517916
