chi_square: 15.855766724947678
entropy: 0.6155732489502539
gini_index: 0.20813304
p_value: 0.0012138647499641633
