chi_square: 83.47009176669204
entropy: 1.9740491715615431
gini_index: 0.6025779200000001
p_value: 4.31447442171721e-09
