chi_square: 20.010468801156843
entropy: 1.7509006736955255
gini_index: 0.6690634200000001
p_value: 0.0012440900302871168
