chi_square: 71.54347045994776
entropy: 1.6032609707406236
gini_index: 0.53660522
p_value: 2.230347728753012e-11
