chi_square: 3.9425616940898522
entropy: 1.2866845977514212
gini_index: 0.5033561799999999
p_value: 0.413835086805339
