chi_square: 3.670906080758591
entropy: 0.43029029865555346
gini_index: 0.12136269999999993
p_value: 0.7211098174689909
