chi_square: 37.89651694924075
entropy: 0.442849343711613
gini_index: 0.1659650600000001
p_value: 5.900324576272355e-09
