chi_square: 54.250560165678124
entropy: 1.8196700442730898
gini_index: 0.6741177599999999
p_value: 1.163888635328013e-06
