chi_square: 52.20635450819344
entropy: 1.771344819290449
gini_index: 0.6692631999999998
p_value: 1.241274555185141e-06
