chi_square: 47.11483524489535
entropy: 1.238900821592837
gini_index: 0.46747328
p_value: 5.301394205305523e-08
