chi_square: 22.85407552491392
entropy: 2.6280899711169208
gini_index: 0.8128964
p_value: 0.003556736243302885
