chi_square: 214.5213437906064
entropy: 5.365464699167051
gini_index: 0.9481307999999999
p_value: 0.05525272400081321
