chi_square: 3.6468697941294224
entropy: 0.015290858996338225
gini_index: 0.0027960799999999786
p_value: 0.056174694379011215
