chi_square: 1.5630075487236128
entropy: 0.044667486648565985
gini_index: 0.008374139999999919
p_value: 0.6678063869627127
