chi_square: 14.025547387209452
entropy: 1.2015835711036664
gini_index: 0.4406246399999998
p_value: 0.3720472612012225
