chi_square: 24.745603407159372
entropy: 1.4239027542776939
gini_index: 0.5696225800000001
p_value: 0.000156008199930133
