chi_square: 188.5352183388091
entropy: 2.026980606232561
gini_index: 0.63630542
p_value: 6.121290673693682e-23
