chi_square: 10000.0
entropy: 13.287712379549442
gini_index: 0.9999
p_value: 0.4952983945386835
