chi_square: 265.61952969845936
entropy: 3.5111665250080164
gini_index: 0.7861774799999999
p_value: 0.0023968678447742323
