chi_square: 21.73806553702022
entropy: 2.191073550442544
gini_index: 0.70627256
p_value: 0.005424923355923437
