chi_square: 0.28719622736896394
entropy: 0.22295673195504143
gini_index: 0.05897786000000005
p_value: 0.8662358064311885
