chi_square: 5.029056058502037
entropy: 0.23818560970435135
gini_index: 0.061689380000000016
p_value: 0.16968183919628618
