chi_square: 38.99166360923867
entropy: 0.44018912837384505
gini_index: 0.1646556200000001
p_value: 3.412462025283385e-09
