chi_square: 0.09244047484857774
entropy: 0.08012946918370273
gini_index: 0.019603980000000076
p_value: 0.7610972251513994
