chi_square: 1.294150954890761
entropy: 0.003943568548145187
gini_index: 0.0005998199999999176
p_value: 0.25528438945891335
