chi_square: 14.013738073964706
entropy: 1.116487459877962
gini_index: 0.49120850000000005
p_value: 0.05093754725495545
