chi_square: 550.7507867977803
entropy: 1.6573736755891362
gini_index: 0.6229049600000001
p_value: 8.960869731657239e-114
